6687587479509273861
6705013461971111174
6717686855946571013
6718519652286287110
6735967653942332677
6741835006378806534
6754030844094041350
6764167854897106182
6767567676962295046
6768604769465502982
6773444093419736326
6776748160569101573
6777006337743129862
6777029914915900677
6777295032496983302
6777308271121386758
6777371530625158405
6777443546766036230
6777475492443376902
6777542088306199813
6777572210904288517
6777647612846722309
6777693964343512326
6777721659378978053
6777883293959458053
6782316647144230150
6788172617862991110
6790881764828122373
6795508387019869446
6796680140026809606
6798337124996287749
6800115053153586437
6806454003065425157
6808549112624024837
6811524840206617861
6814483476033719558
6814676529746873605
6819359933289614597
6821137117062712582
6821398646605565189
6826046196797213957
6829932933420207365
6832546052864740613
6832739244415388934
6834182607845084422
6837868446168943878
6838445488103050501
6839359930542132486
6839842303843126534
6840520057190157574
6844067011400584454
6846230109645540614
6846630178144275717
6847218541335203078
6850636029737684229
6852436807171345670
6853402007714237702
6853750009016372485
6855104469017922822
6856516439092858118
6857242721631964421
6857900573354691845
6858365169844702469
6859376690678779142
6859419506465312006
6859532326003657990
6859895996969667846
6860162117799120129
6860523005680815366
6861058872870784261
6862364771811986693
6867336959535123718
6869267757901319430
6870621088469060869
6871068514409532677
6871388121729076486
6871430528596249861
6871504904268139777
6872085969823141121
6872885292760599814
6872937092788374790
6873152344025025797
6873161661344124165
6873205552038661382
6873586749608611077
6873694613887028485
6875588311348530433
6878264766993943813
6879263553962937601
6879320639983865090
6879865999248706822
6882436697498471686
6882760845831441670
6883543637439843590
6884007403310812421
6885520369231334662
6887383783855623430
6887421395349916929
6887748341451476229
6887830687731174661
6888112151920217349
6888138008885759238
6889561330987158789
6890234307529411845
6890356190929292550
6890667029691403526
6890897474123287813
6890901440395611397
6891846899993693446
6892044060396195078
6892424772823682309
6892549172243729669
6892598627814968582
6894431857069313286
6896282356567592193
6896521329416228102
6896975618584399109
6897167631518846210
6898538559721049350
6899495041773866246
6899893426490281222
6900617891629092102
6902148786739514629
6902249409375948037
6903393270534114566
6904051511031123206
6904673055755242758
6905247703857433861
6905444836980182277
6906880300941462790
6908440986049973510
6908960514836024581
6909014806758493446
6909549398892530950
6910332769545587969
6911347253609385222
6912964702377217285
6913263917158501638
6914401187295005957
6914443910525881606
6914524574029745414
6914568915146263809
6914738169212669190
6914806780946173189
6914807830872739077
6914845912011443462
6915000679991921921
6915062566385470726
6915129157043227909
6915154360037100805
6915479546280119557
6915620290638646533
6915787211434740997
6917076995662826758
6917624575371087105
6918354440382598406
6918625486524435718
6919824530575805701
6920067820386536710
6920465285333978373
6920607471979613445
6922061926981782789
6922207750600592646
6922268327087721734
6922506524937948421
6923362346211544326
6923847775142628614
6924108018544037126
6924245247786536197
6924816400208973061
6925438560208211206
6927628191607639301
6927656809490648326
6927769630006201606
6927792902609358086
6930240786210589957
6930468690458725637
6930603658522545413
6930745289061977350
6932255367871106309
6932886131998592262
6934512845463850246
6935790222408027398
6935793225072430342
6937815289769872646
6938868413204892933
6938967005332557062
6942936552515341573
6943743509857848581
6944758692105456902
6945439330978516229
6945984310205746437
6950376565561625861
6950499549135916294
6950589323737697541
6951205095421889798
6951209163150167301
6951852356455681285
6954378448177515782
6957528059880787206
6960037663906794757
6962041783622667525
6963387455596711173
6963768094141533445
6964055779301281029
6964088061911239942
6964142021917412613
6966556206815071494
6967000140691279110
6967045852363869445
6967062289786637573
6967079558679940358
6967116381628239110
6967419428984081670
6969160915895831814
6969228523412212998
6969541198398737670
6970563462497914118
6970695042411334918
6970714382171000069
6972121633943325958
6972647342285573381
6974227354545605893
6974469485294030085
6974555950229327110
6975246000856288517
6975546425740365061
6976080084742507781
6977330723946548486
6977396048314535174
6978964382793338117
6979251821701369093
6979385451643718918
6979423696922430726
6979707181943753989
6981157573676338438
6981170321214688518
6981419105081462022
6981570482885659910
6981591295928159494
6981638574705888517
6982349074590665990
6984117389566708998
6984985668409756933
6986452375426845958
6987299777700433158
6987794547870813446
6987873619728764165
6987980073538161925
6988311661840960773
6988701462461254917
6988886226002611462
6989792578556284161
6990195700495600902
6990665982633102598
6991676181066091782
6991988184154524933
6994332009569062171
6995603070617013509
6996005141736426757
6996833898466381061
6997726568114179334
6997856014129286405
6998343170459241734
6998534897824500998
7000306371803483397
7001205425148382469
7001944447499947269
7001954745438997766
7002009834967092485
7002020004447177989
7002020032939166981
7002034670288342277
7003697807920057606
7003792490092399874
7004166633002470661
7004558099927403782
7005125144435903746
7010826123214966021
7013507743411637509
7014946218266709253
7017031002891603205
7017940517002464518
7019870782239083782
7021692888987798790
7022039312590146821
7022151509458701574
7022388825749982469
7023017561335844101
7024884314282315055
7025150433018514715
7025411877106896175
7025629052732001542
7026025469262744837
7028098138904874245
7028267050481143087
7028978904798940421
7029214433578650927
7029789698478525743
7029932139416161541
7030982050417052934
7031269635060239621
7031571526239603974
7032076318204316933
7033409609415134469
7033876124438596911
7033902082495204613
7033920901339008261
7036575375689927941
7036841649401646338
7037217405734751534
7037248286901718274
7037374333286632751
7039166170712313093
7039460718055312646
7041307951721745670
7042252605476654337
7044826908458274094
7045123033274584326
7045178821821205765
7045643978904964378
7045983809304595759
7047485517453331759
7048088695060155695
7048711445152009519
7049918833603120389
7050104046505676078
7050220936666074414
7050482120350846255
7050513371543801135
7051004700526923055
7051363933898181889
7051686180579986734
7051704328498892078
7051758634627370286
7054573770320760110
7054736882311204143
7055844625986129198
7055948332673420590
7056686582081883398
7058023814646631726
7058335218532650286
7060151987437833478
7060152087677504773
7060575543099690287
7061313047142501679
7061689896028638470
7062009863940984070
7062482169696128302
7064619747995897134
7065300380841676038
7066067853866192134
7068446842152865071
7068487273108491526
7068700457366981893
7068844371063393579
7069098669600935210
7069144505286626606
7069981040969829675
7070295155273846062
7070330479773371690
7070475173073358123
7070626866595499306
7070656616663747882
7070990835436932398
7071633961889434882
7072576441258495234
7072659968909954305
7073230729282620718
7074071151428816170
7074249891748302086
7075962045828533530
7076471574404189486
7076570477174590722
7076653044070403370
7076766490120228139
7077501379081800987
7077580379003047194
7077582078233234734
7077615538905845038
7077616844911250693
7077658031948877098
7077699298380532993
7078129432690527534
7078221962421554475
7078321620305268014
7079552075624959274
7079585523429592366
7079831338148236590
7080353997768396075
7080773868813569322
7083256477883862315
7083549014733393195
7084665359172652330
7084683310345063726
7084866582752660779
7085047629767396650
7085718945751289134
7085755805689072898
7085873183756143914
7086456307720441131
7087600025760484613
7088391889489087787
7089390274782235950
7090945988344532229
7090988541093645573
7091321701136485675
7091398950535564586
7092024194325548334
7092466818027195690
7093216545924746542
7093563542409956650
7093932686347144454
7094693943165881646
7096172687965441286
7096364829702720774
7097563945329855790
7099334196828818734
7099923239958318342
7099990810183126314
7100352368117566763
7101030838921481478
7101206052506586410
7101267722931014918
7101437426744429870
7101841243134496042
7102137782088289582
7102784131293121835
7103647712884575494
7103882701328993541
7104871390871948586
7105230021807344942
7105582709497449770
7105932958531374342
7106549943409593642
7106791175994002694
7107363628889722117
7107941531809598725
7109135294246571307
7109225594705055022
7109486552107060526
7109712915544034603
7111853505589103874
7113354387119951147
7113951857055173894
7114756020890701102
7114796868994944298
7114827977648622891
7115041811663523118
7115170132103548203
7115175631356464430
7115300846136462619
7115506708520291630
7115734341962976555
7116595147093183786
7116608504693017861
7116926855218842926
7117617772728831275
7117709582956383494
7117730620700396846
7117735617928187178
7117820871967853870
7117869702294031658
7117895938102005038
7118061596668218670
7118079350867627306
7118090092761124142
7118472929356107051
7118515608601300229
7118740104348208430
7118810930363813126
7119229740002692395
7119302716538621227
7119592673861700910
7120098924521721134
7120261292996300074
7120293970260938026
7120412401308257582
7120567481202248965
7120652194692615467
7120653670114430250
7120711373109300485
7121347846670175515
7122228874095660330
7122618977485868293
7123004704472206638
7123303022544964907
7123639409395911982
7124375517301689646
7124376388987194670
7124384021991263531
7124451369762802987
7124642333995371802
7124726889838628142
7125471243767352622
7125803134009527598
7125930417416457518
7126255255825698054
7126349909426474286
7126549824870141186
7126662542776077610
7127092118320925994
7127612192693783834
7127704540786199850
7127715129600429358
7127856593143745838
7128373336266132742
7128611337751629098
7129348368249212165
7129746052890053930
7130801085115190574
7130988608969886977
7131423741225094406
7132133656927210795
7132159619094531374
7132567730292624682
7132581199947631915
7133050529004948778
7133218013297478958
7133225567763189038
7133593045810941226
7134067817799879982
7134844469093961006
7135207903513840902
7135577117487631662
7136405536693685550
7136919405203705134
7137251424827690246
7137327518591241515
7137365628838530350
7137489467325091118
7137500582155390254
7137593699227192622
7137643132887321862
7137651361012911403
7137754149831134469
7137854942861217067
7138566287550188843
7139135861647543558
7139185116844215594
7139408130428980522
7139662482230005034
7140999817756462341
7141213417360215338
7143339080019889414
7144410115352055086
7145866100993953067
7146196930899512582
7146947572480052526
7147391848590347563
7147814245638393131
7148597988850535722
7149358821247388971
7149537762629176619
7149639222482259242
7150771158332329262
7150772309781957934
7151138921404140846
7151500031781129514
7152280269163318574
7152663361547685163
7154086160825060654
7154103892949912874
7154107721753627950
7154348321551830278
7154358747605814570
7154361936426093866
7154379348269714734
7154385892763815173
7154508585286896938
7154788415291084075
7154868604524154155
7155099979831463211
7155146825631042858
7155662592764251438
7155992484311616810
7156613824420810026
7157497925822827822
7157850261203995950
7157953111653502235
7158296338931715374
7158314445343690027
7158678070172388654
7159289830751341866
7159581679504411947
7159596459891887403
7159934321086893358
7160441739088645418
7160639391323491590
7160957821478014213
7161069277607382315
7161267234835582254
7161421878190542122
7161461874268196139
7161563426278657326
7161614310895127850
7161909430030830894
7162089261989154054
7162269613592579374
7162315724399086853
7162531297846480171
7162606119767002411
7162847416285285658
7163055494314265902
7163437378714094890
7163673991427968302
7163814725552409902
7163830572983405866
7164861611038100779
7164825374659071275
7164931327978982698
7165064496073968938
7165157479045696774
7165747805707865386
7166005000685112618
7166265401133780225
7166465981810756891
7166538948745891074
7166567517987687722
7167086278364695854
7167544417337986350
7167745623431646507
7168326497311132971
7168407156746718469
7168493409659997486
7168616622838566190
7169230437628398890
7169566778996083973
7169572537297308934
7172135120231599366
7172284383980686597
7172286005699955973
7172641076409355563
7173747432411499822
7174910631513050414
7175394726290492718
7175721593321164075
7177101453100617006
7177131832998153514
7177316519779683630
7177395839940414766
7177534668647206190
7177555753396456746
7177610754508721454
7177642707396087086
7177966217150483754
7178577123454766382
7179730076127218990
7180172212970802475
7181427980139285803
7181740982793243950
7181982568693239045
7182287521504775470
7182301074546658606
7182733675090464046
7182794852264840491
7182817109305543978
7182846771817647362
7182888480299699457
7182914456089791749
7182916474716032262
7182934942207348014
7183400392888225070
7183450473125399809
7183535152864283947
7183679782096522542
7183688788139527470
7183732155959348526
7184135857434037547
7184197466055576874
7184423632016330030
7184475012076817707
7184511872358452523
7184891281691135275
7185921556948995374
7186306887141330219
7186428872873807147
7186437884130413830
7186720743265160454
7186803498875604270
7186879752215563562
7187097682924719406
7187487731327536430
7187887038987799850
7188377549762874667
7188710102986165546
7188808624242756869
7188916818231430446
7188947118684491051
7188979092207717638
7189350842753895726
7189442804240665902
7189561808926149934
7189889962937011502
7190010911413800234
7190112683620912426
7190192301656771845
7190209289720532267
7190242187773365547
7190386944281677102
7190396490286730539
7190407228602600709
7190448741235707182
7190488453291789574
7190489452240768302
7190554261820804395
7190568064637865259
7190846578964385067
7191066586579586305
7191120589476662534
7191912208530443526
7191976253941910827
7192003897441914158
7192259931595230469
7192308348216331566
7192800714714877227
7193460954993003819
7193499414432877866
7193534225486810411
7193540022367178026
7193807496677510406
7193976019521522987
7194053659548765483
7194127632055766315
7194413955362671914
7194448847794572590
7194472803771665710
7194593261305204014
7194639326817586478
7194789287789989162
7194890732413504774
7194961860091858222
7194974647320956203
7196038497399147822
7196127462034607403
7196342826144189742
7196591477965999406
7196596697118559531
7196683088435465515
7196798087917096198
7197244745859484971
7197576416513379627
7197869102621363502
7197875953677126958
7197877798734744875
7198162208751226155
7198211558722473262
7198223829863501102
7198465276210318638
7198606514628726021
7198856904838368554
7198937531898006785
7199293084805434667
7199511678671719726
7199519581256305921
7199767702469332270
7199843751823559941
7199886327473573125
7200081584945499397
7200168442861718826
7200227567624883457
7200436536389684486
7200676512146672901
7200756933945462062
7200877930984066346
7200904983003385131
7201377254104960258
7201541829957815557
7202085414264376622
7202432316738702598
7202491671119007022
7202678252111138094
7203026423987195142
7203036580947217706
7203063420109720837
7203156875452419370
7203183378458250501
7203186471778536747
7203195231511039234
7203202771112250667
7203284786914282758
7203380324712238382
7203458673287531822
7203551016388726059
7203796989635464454
7204137897706999086
7204165979851525418
7204391441408199978
7204392109669977386
7204472484685548806
7204647012279586090
7204818967922347269
7205069178183765254
7205250368723356970
7205304540629863726
7205352035443674411
7205366542857440558
7205377459477368066
7205401318997904667
7205449499198639361
7205777142548925742
7206256286319578375
7206450610235804934
7206561064639647003
7206658424749313282
7206789566513122603
7206918763906600197
7207055778681834757
7207120804331457838
7207315528694795566
7207529351376604422
7207878923131063595
7208016832547130667
7208165148329086250
7208262582224915718
7208319387865124142
7208679763148328238
7208814167086746926
7208968060412251435
7209086990439140654
7209427795032689963
7209502168980671787
7209725627455393067
7209726742934752558
7210190762682797358
7210273013424524546
7210540718882934059
7210703459664842027
7210915270783667461
7211188649503837442
7211336837871275307
7211411535116242182
7211775324818902273
7211910525825846571
7212029912461561134
7212073453585845550
7212208149984464129
7212265729310231854
7212375633710681387
7212412168480902446
7212699566905281835
7212742987535633710
7212746491754990894
7212770115790638382
7212855222752808198
7213101432323542315
7213166465363610926
7213202688165645610
7213379921391963419
7213587102653598981
7213732976545287430
7213778815628233989
7213810055609683242
7213868817502571818
7213871379844844846
7213973681343679787
7214089100482170113
7214150113445416197
7214160959789616427
7214203219034049835
7214234451499437355
7214315999359798571
7214473218743340334
7214592749838896427
7214854851245788459
7214885055783603498
7214942777929551150
7215257056058658053
7215334941826075947
7215415772112358698
7215682837830192389
7215741506974534917
7215762552146496769
7216034004271648005
7216437862881840386
7216483193652825390
7216933007918107906
7217006036773850373
7217148552856882474
7217188087099690282
7217508505350147334
7217585276510620970
7217592770628767002
7218352992964087082
7218363848900873515
7218488205987908906
7218604085623295237
7218775353613995270
7218913957489298694
7219047614459858222
7219121961581186350
7219232455457557806
7219405378570767662
7219697604169403691
7219852093740404010
7219887121618849067
7220050574186761515
7220074590616292651
7220179692731583750
7220439083997203758
7220558602195750190
7220809678689865006
7221229325574638894
7221335153501654273
7222025174302985478
7222045931934584110
7222343445623655726
7222372643125742891
7223091202654997766
7223122219445161262
7223196320423628074
7223470033995877638
7223710141252783402
7223799682223459626
7223800649899674906
7224019720037567750
7224063256384621826
7224548642458176810
7224623719329582379
7224646203537902874
7224662101711670546
7224873046803418414
7225021370671844650
7225453766336679214
7226283196537900315
7226307425794673947
7226396709574970670
7227090000700132651
7227515986604297514
7227575918766738715
7227874835626478891
7227936506428591386
7228156242492017962
7228206138939116846
7228376919266430254
7228547775913381147
7228560494783778074
7228635884009164074
7228826416912059691
7229076975535770926
7229101671853329706
7229108473479367982
7229571119945370926
7229718313780120878
7229747075095743790
7229787098264472878
7229810343764086058
7230069445622811910
7230208602575883547
7231231379206327557
7231564595545115909
7231658940013006106
7231959377857547546
7232144818426711338
7232292796172979502
7232611545820302598
7232632184002088194
7232753927920340250
7233010875165101313
7233594383189183786
7233700183597436203
7233798176849890586
7233869277223292202
7233875670227488006
7233950991249427755
7234297779634375982
7234304161142181166
7234408333636111662
7234549017055612203
7234722396794604843
7234898736114109702
7235125962491317546
7235279702821276970
7235302560696159534
7235483925592804654
7235684089817255210
7235753952363449627
7236050403136245034
7236059151519059205
7236083724834721066
7236096696013311274
7236132863727488261
7236341573615734058
7236517148707851562
7236827215651015978
7236853519255473414
7236861185491078443
7236865890917272878
7236866030369295658
7236877735816187179
7236878229443710254
7236879490285178154
7236906726333713706
7236913956089269550
7236951756616371457
7237181907174296837
7237192974684146987
7237214511160151342
7237256753916759342
7237506988299734318
7237584818828037419
7237591950260587802
7237626613070941483
7237985967183875371
7238374395381615915
7238635020708039963
7238684336709586222
7238788392060849450
7239135742985915691
7239143689598045483
7239734941578186011
7239772632495983918
7239817908346424618
7240162563835628846
7240176047663140139
7240308597639384363
7240456213014514990
7240513771343596827
7240672042851241222
7240690452419317038
7241230288951495979
7241470954235333934
7241486302682565890
7241879143883935022
7242034155968826670
7242245237395950894
7242413831635602734
7242423486269001006
7242442658818411822
7242455347414306091
7242735018945170730
7242827023398325546
7243006574799719706
7243547900695924014
7243944173391580462
7244094762007973147
7244178422182825242
7244192534187085082
7244290294701706538
7244566673028730158
7244624674355891502
7244901804809489707
7245027402445851947
7245028263469354282
7245046565042195755
7245501406940056858
7245543499154787630
7245812587986832666
7245999496562216235
7246270650938133766
7246328099200159019
7246492036168305925
7246578348128865579
7247137557341932801
7247258188569906478
7247300573177859370
7247524973844139306
7247553306699058475
7247916461010816283
7247952881633037574
7248333960244120837
7248339784886881582
7248633229605899526
7248966752690851115
7249101736969948462
7249787005859630362
7249818228778749189
7249955358205070618
7250069283621965099
7250197994299985158
7250254565520493867
7250334615833972010
7250359723285810474
7249015057235840264
7250980070158847275
7251223427590147333
7251547974784847147
7251601745883729158
7251734433043189038
7251836935419743494
7251996783545650478
7252089337947393326
7252410975054204203
7252423195981253934
7252783645054799146
7252915816205782314
7253063806811704619
7253105055149198635
7253215827875532078
7253267839547870510
7253465441983663402
7253503893534068014
7253510730148826410
7253519593686486318
7253842148825533723
7254422976064408834
7254481241939004698
7254631230698704171
7254745555413372166
7254871684883270918
7254879689276149018
7254953979208076590
7255038477509709062
7255380678097849605
7255391712405933358
7255521866696183083
7255765114702318854
7256118790000217390
7256127896173989162
7256179416064216366
7256230533976378666
7256243666803756334
7256431661099781419
7256828654477479210
7256843725668748590
7256860027238010138
7256861503788174634
7256873633216335150
7256930992164850990
7256932462419397894
7257180804999105835
7257282610974510382
7257266805989772586
7257318766634110250
7257329916914486571
7257336478320151850
7257360673607290154
7257379569668295978
7257656943123172634
7258005209375427883
7258112707558182145
7258323855020936494
7258343783375506734
7258638186082077995
7258667361715113259
7258993927846497563
7259076263548030251
7259237417482439982
7259409120330140970
7259725141117013253
7259816111649213702
7259828638676225322
7259882714805980458
7259932752743566597
7259972076570692907
7261299093547273503
7261379673018649902
7261947660255464736
7262352360901496106
7262413891647343914
7262478354459266305
7262541717226753323
7262735814474468650
7262839330325187886
7262887953024716078
7263050800165899521
7263222977733463326
7263341559809182983
7263461377111559431
7263479601836461317
7263532786160602410
7263636177121578286
7263937356452023598
7263891901579791649
7264332841042087214
7264399335788449067
7264399821853805825
7264763058612964650
7264860735879138566
7265098628539141422
7265123747437497646
7265179710110305579
7265192275951537451
7265224274791648555
7265291613885287723
7265325506940144914
7265630423693217067
7265662235744275754
7265756281099619627
7266114902174059819
7266266493933948165
7266268629832928543
7266488655886224682
7266504887976987909
7266528958466821419
7266627445036436782
7266628700781677826
7266639112336198954
7266787602215226656
7266987502873939202
7267210829370510638
7267175584231394593
7267306624971214123
7267445159577636104
7267687188677102891
7267815863250652421
7267959010354154798
7268041335347629358
7268209682664181035
7268980528970288427
7269011868495236382
7269092808080870661
7269181953469992238
7269193606588566826
7269436632854629678
7269498095552007432
7269512175541095723
7269771666732076334
7269831556296985861
7269887523470511403
7268579506502257962
7270134777225907502
7270163120105065759
7270186739929599278
7270221180466924842
7270249016749870379
7270271852155522334
7270284905844624672
7270333051828243758
7270592345639357739
7270639081434959150
7270664626465983786
7270919729106275627
7270951072246648070
7270980374421884203
7271301158084332843
7271397937928768811
7271774671618477355
7272042973871869227
7272059009769671982
7272061487642938625
7272139813510286634
7272225235691113730
7272272718161022240
7272479939524316458
7272795924626197803
7273104229747658026
7273145079328476462
7273166410182839582
7273477937289006379
7273497520645360939
7273527966674521386
7273609172900580654
7273756043782491434
7273994315079322926
7274052421121264939
7274127329670991110
7274298423921085738
7274154506936487211
7274154842094898475
7274155658310667562
7274155816121355563
7274484138038791470
7274672571008781601
7275393083947388206
7275425963888938282
7275463572887588139
7275499619256175918
7275709360326692127
7275723328034295083
7275895230442851602
7275919928631250206
7276165435383434502
7275578224485174571
7276187263627742507
7276320094937107758
7276348089584127278
7276460076183932203
7276570077028240673
7276579184468626718
7276781658496404768
7276786970251054343
7276878408070483246
7276899059309301034
7276922054509694250
7277097936985525536
7274885437225782571
7277294927137082656
7277330066953096478
7277349219382431019
7277581345709100293
7277598563884911915
7277885861046340907
7277954916935830830
7278011345428024578
7278068973432786218
7278149675532733738
7278332026778914053
7278372864959515947
7278375109705043246
7278435338450914606
7278597559113813290
7278777572823944453
7278871924065865006
7278874769641016619
7279023463497567493
7279111043748515115
7279201071141014827
7279250054869716267
7279359320675011886
7279534649985076523
7279555827608997166
7279756860016708907
7279786733556731178
7279870919714131243
7280012581522214186
7280130810991332654
7280237335638248735
7280258556417297710
7280294927697956142
7280551170190363947
7280623111089868078
7280643798793801002
7280921523085380870
7280973798122229035
7281038330848922922
7281073402121588011
7281115270247189806
7281132460119723306
7281621249598459182
7281635786603187474
7281675616263359787
7281708195339488518
7282472827326893354
7282799777673153835
7282860708792929569
7282621002205465899
7282620952683449646
7283188294513413409
7283194708933741830
7283685733330734378
7283823317339999530
7283896680204881159
7284386020072656170
7284669885525888302
7284692653789154592
7284743310835535136
7284848865252085022
7285154056958446878
7285955679943281950
7285966383853079838
7286223440023915819
7286236386729168174
7286249897777433898
7286339871902338334
7286433779818876166
7286235529442512159
7286510434637679915
7286608985086496042
7286884376544201990
7286952912960507182
7287528283389005102
7287543847540755754
7287570261686193451
7287574687364812074
7287690513119972638
7287740160157011231
7288054688434375937
7288389000128154922
7288404942396607775
7288476056208674094
7288583607805840645
7288702880536792366
7288789773324438817
7288896097978699038
7288935549803564318
7288988801567853870
7289054074224299306
7289196934349327662
7289333678285524266
7289418169565973806
7289429431964290347
7289546090028797214
7289595089700179246
7289813932112596270
7290065560535076101
7290346628110699818
7290393456789294378
7290598917853580590
7290619224987323681
7290620975912209706
7290639821331074347
7290693350578015531
7290786039403203886
7290909567842585898
7290957981468986657
7290980504717790506
7291146207655939370
7291223254650326277
7291227089586425131
7291520347248020766
7291641119417355566
7291701953095142662
